1.0602e-04
5.6546e-05
9.0525e-05
1.0044e-04
4.8227e-05
5.3224e-05
5.1890e-05
5.4363e-05
5.3333e-05
4.1994e-05
6.1797e-05
3.4549e-05
5.8717e-05
3.8672e-05
3.9266e-05
4.7548e-05
-1.3881e-04
-1.8968e-04
1.5750e-04
2.2354e-04
2.5587e-06
1.1169e-05
2.9361e-04
-1.1884e-03
7.4409e-05
1.6892e-05
9.2320e-05
4.7900e-05
5.0071e-05
5.5904e-05
2.9771e-05
4.8531e-05
5.1586e-05
4.3959e-05
7.3317e-05
3.3748e-05
3.0510e-05
5.1150e-05
2.6121e-05
2.2192e-05
1.6270e-04
6.2513e-05
7.2456e-05
1.9536e-05
4.5560e-05
-5.9044e-05
1.1888e-04
1.3876e-04
1.0380e-04
1.4023e-04
3.1165e-05
1.5015e-04
5.7856e-05
4.7257e-05
5.5491e-05
6.0875e-05
1.8639e-05
4.7488e-05
4.6372e-05
4.2261e-05
5.7407e-05
5.1914e-05
4.2783e-05
6.2537e-05
-1.7341e-05
4.3959e-05
8.1369e-05
9.4951e-05
-4.8215e-05
5.1029e-05
5.2896e-05
4.9949e-05
5.2835e-05
5.3066e-05
5.0325e-05
6.0402e-05
5.2059e-05
5.7322e-05
5.5249e-05
3.9836e-05
3.6974e-05
3.8769e-05
2.7442e-05
2.0700e-05
9.5121e-05
9.0064e-05
9.2744e-05
6.4720e-05
-7.6616e-05
1.9188e-04
1.9378e-05
5.8426e-05
-1.6929e-05
2.7382e-05
2.8837e-05
2.9407e-05
1.9730e-05
2.2204e-05
7.4093e-06
-1.9888e-06
2.4617e-06
-7.2881e-06
-8.8281e-06
-6.2209e-06
-1.4952e-05
-1.5328e-05
2.0519e-04
-1.6444e-05
-2.2082e-05
-1.4831e-05
-1.0259e-05
-2.3235e-05
-3.3069e-05
-5.4036e-05
-5.9287e-05
-3.5749e-05
-6.0572e-05
-5.8268e-05
-6.7945e-05
-8.4583e-05
-7.1353e-05
-8.8803e-05
-8.5286e-05
-8.2024e-05
-8.7263e-05
-7.6337e-05
-1.0776e-04
-1.1937e-04
-9.6188e-05
-1.0531e-04
-1.1428e-04
-1.1592e-04
-1.2026e-04
-1.2572e-04
-1.3736e-04
-1.4585e-04
-1.4083e-04
-1.4945e-04
-1.4604e-04
-1.5641e-04
-1.6251e-04
-1.3342e-04
-1.4195e-04
-1.5202e-04
-1.9507e-04
-1.8275e-04
-1.8566e-04
-1.9721e-04
-1.9662e-04
-1.9766e-04
-1.9002e-04
-2.0247e-04
-2.0101e-04
-2.0880e-04
-2.0740e-04
-2.2792e-04
-2.4470e-04
-3.5080e-04
-1.8185e-04
-2.6831e-04
-1.8002e-04
-1.9617e-04
-2.8767e-04
-2.3991e-04
-3.2304e-04
-2.7108e-04
-2.4963e-04
-2.6870e-04
-2.7341e-04
-2.8107e-04
-2.8065e-04
-2.8904e-04
-2.9044e-04
-2.9283e-04
-2.9840e-04
-3.0138e-04
-2.9882e-04
-3.0244e-04
-2.8808e-04
-3.7477e-04
-1.6076e-04
-3.5337e-04
-3.5490e-04
-1.5794e-04
-3.8509e-04
-4.1137e-04
-3.1425e-04
-3.5115e-04
-3.7710e-04
-3.7939e-04
-3.7749e-04
-3.9164e-04
-3.8998e-04
-3.9587e-04
-4.0061e-04
-4.0223e-04
-4.1822e-04
-4.1753e-04
-4.2209e-04
-3.8028e-04
-4.4873e-04
-3.7634e-04
-2.7313e-04
-5.3898e-04
-4.6093e-04
-4.7312e-04
-1.2987e-03
-2.4909e-04
-4.9188e-04
-3.8886e-04
-5.6030e-04
-4.6573e-04
-4.7625e-04
-4.7345e-04
-4.7463e-04
-4.7917e-04
-4.9147e-04
-4.8558e-04
-4.9162e-04
-4.8198e-04
-4.8527e-04
-4.8863e-04
-4.9878e-04
-4.7083e-04
-5.0933e-04
-4.0098e-04
-4.5054e-04
-4.4512e-04
-4.4860e-04
-5.2075e-04
-4.5621e-04
-4.9362e-04
-4.3051e-04
-5.6279e-04
-5.1976e-04
-5.1339e-04
-5.0631e-04
-5.1898e-04
-5.1354e-04
-5.1439e-04
-5.1987e-04
-5.1503e-04
-5.2361e-04
-5.1329e-04
-5.2336e-04
-5.2432e-04
-5.2749e-04
-5.3040e-04
-5.6937e-04
-5.4522e-04
-5.4100e-04
-5.3113e-04
-4.8594e-04
-5.4424e-04
-5.3587e-04
-5.4498e-04
-5.4978e-04
-5.2639e-04
-5.5127e-04
-5.5120e-04
-5.4801e-04
-5.2081e-04
-5.5063e-04
-5.5023e-04
-5.5255e-04
-5.3792e-04
-5.6754e-04
-5.7553e-04
-5.6872e-04
-5.6139e-04
-5.6738e-04
-5.6162e-04
-5.6408e-04
-5.5355e-04
-5.7023e-04
-5.6003e-04
-5.8682e-04
-5.8491e-04
-5.5473e-04
-5.8853e-04
-5.9317e-04
-5.7944e-04
-5.7475e-04
-5.9058e-04
-5.9071e-04
-5.9069e-04
-5.8235e-04
-5.8375e-04
-5.8734e-04
-5.8461e-04
-5.8608e-04
-5.9997e-04
-5.9428e-04
-6.0649e-04
-5.9689e-04
-6.0268e-04
-5.9876e-04
-6.0007e-04
-6.0672e-04
-5.9173e-04
-6.1374e-04
-6.0245e-04
-6.1181e-04
-6.0721e-04
-6.0687e-04
-5.9949e-04
-6.1256e-04
-6.2365e-04
-6.1096e-04
-6.2077e-04
-6.0149e-04
-6.2179e-04
-6.2739e-04
-6.3952e-04
-6.2294e-04
-6.2160e-04
-6.2556e-04
-6.2435e-04
-6.0603e-04
-6.3234e-04
-6.0550e-04
-6.3042e-04
-7.4196e-04
-6.1916e-04
-7.0540e-04
-8.1426e-04
-6.9197e-04
-7.0501e-04
-6.5382e-04
-6.8138e-04
-5.4640e-04
-7.3445e-04
-6.8738e-04
-7.1235e-04
-6.6591e-04
-6.9899e-04
-7.0493e-04
-7.1244e-04
-7.3996e-04
-7.1248e-04
-7.1833e-04
-7.3911e-04
-7.4106e-04
-6.8219e-04
-6.2848e-04
-7.8295e-04
-7.5837e-04
-7.7103e-04
-8.2306e-04
-7.5116e-04
-7.6332e-04
-8.8615e-04
-7.6787e-04
-6.9684e-04
-9.3105e-04
-7.7229e-04
-8.0821e-04
-8.1217e-04
-8.0707e-04
-8.1390e-04
-8.1506e-04
-8.2387e-04
-8.3100e-04
-8.3704e-04
-8.2058e-04
-8.4291e-04
-8.4103e-04
-8.6769e-04
-8.7809e-04
-8.5747e-04
-9.3029e-04
-8.6060e-04
-8.2860e-04
-8.6513e-04
-8.3508e-04
-9.3626e-04
-8.7003e-04
-9.4562e-04
-1.0084e-03
-8.9336e-04
-9.5840e-04
-9.1864e-04
-9.4584e-04
-9.2086e-04
-9.2423e-04
-9.2785e-04
-9.3139e-04
-9.4088e-04
-9.4749e-04
-9.4835e-04
-9.5354e-04
-8.7140e-04
-9.3219e-04
-9.3918e-04
-9.2117e-04
-9.8108e-04
-8.8366e-04
-9.2332e-04
-9.6547e-04
-9.8879e-04
-9.8608e-04
-9.7507e-04
-9.7982e-04
-9.8091e-04
-9.7352e-04
-9.8276e-04
-9.8039e-04
-9.7598e-04
-9.8436e-04
-9.8530e-04
-9.6987e-04
-9.4484e-04
-9.9024e-04
-9.8336e-04
-1.0010e-03
-9.8799e-04
-9.8162e-04
-9.6769e-04
-8.1492e-04
-1.0470e-03
-9.3812e-04
-9.2471e-04
-9.6335e-04
-1.0328e-03
-9.8567e-04
-9.4099e-04
-9.2047e-04
-9.7066e-04
-9.3804e-04
-9.2280e-04
-9.3029e-04
-9.0818e-04
-9.3911e-04
-9.3570e-04
-9.3137e-04
-9.0593e-04
-9.3297e-04
-9.2506e-04
-9.3287e-04
-9.4833e-04
-9.1898e-04
-9.4321e-04
-9.5165e-04
-9.3336e-04
-9.5956e-04
-9.1324e-04
-9.4751e-04
-9.4271e-04
-9.4935e-04
-9.3540e-04
-9.5959e-04
-9.5038e-04
-9.3503e-04
-9.3475e-04
-9.4539e-04
-9.5001e-04
-9.4276e-04
-9.5506e-04
-9.5001e-04
-9.3000e-04
-9.4857e-04
-9.9113e-04
-9.1038e-04
-9.2833e-04
-9.3034e-04
-9.4636e-04
-9.3638e-04
-1.0333e-03
-9.6438e-04
-1.0695e-03
-9.1394e-04
-9.6595e-04
-9.7607e-04
-9.2830e-04
-9.3536e-04
-9.4502e-04
-9.6706e-04
-9.4861e-04
-9.6212e-04
-9.3664e-04
-9.4607e-04
-9.4533e-04
-9.3594e-04
-9.4767e-04
-9.4348e-04
-9.3644e-04
-9.4019e-04
-9.0593e-04
-9.7022e-04
-8.8984e-04
-9.3179e-04
-9.2850e-04
-9.3963e-04
-9.7077e-04
-8.6370e-04
-1.1704e-03
-9.6690e-04
-9.6275e-04
-9.5037e-04
-9.3821e-04
-9.4689e-04
-9.4233e-04
-9.3708e-04
-9.4465e-04
-9.4264e-04
-9.2920e-04
-9.4359e-04
-9.5171e-04
-9.4270e-04
-9.3194e-04
-9.3895e-04
-9.4113e-04
-9.5135e-04
-9.7239e-04
-9.4604e-04
-9.5032e-04
-1.0361e-03
-9.9043e-04
-1.0067e-03
-9.4165e-04
-1.1171e-03
-9.0102e-04
-9.4776e-04
-9.4478e-04
-9.4268e-04
-9.3911e-04
-9.4117e-04
-9.4029e-04
-9.4009e-04
-9.3747e-04
-9.3936e-04
-9.3472e-04
-9.3685e-04
-9.3572e-04
-9.3422e-04
-9.3594e-04
-9.3839e-04
-9.3173e-04
-8.3528e-04
-9.4824e-04
-7.7784e-04
-1.0712e-03
-8.2549e-04
-9.6867e-04
-9.7985e-04
-1.0647e-03
-9.5876e-04
-9.4494e-04
-9.4158e-04
-9.4141e-04
-9.3996e-04
-9.3666e-04
-9.3695e-04
-9.4272e-04
-9.3040e-04
-9.3301e-04
-9.4088e-04
-9.2828e-04
-9.4145e-04
-1.0040e-03
-8.9885e-04
-8.6670e-04
-8.9584e-04
-8.9435e-04
-9.1054e-04
