0.0001215204243
0.0001177369324
0.00008689904807
0.0001170093378
0.0001188525775
0.0001186828054
0.0001194225266
0.000121156627
0.0001237517144
0.0001213506522
0.0001191193621
0.0001220782468
0.0001212051333
0.0001221267532
0.000122817968
0.0001219569811
0.0001231090059
0.0001250735113
0.0001192042482
0.000120841336
0.0001222116392
0.0001209504752
0.0001204169058
0.0001173852617
0.0001160513383
0.0001175914135
0.0001170820973
0.0001172276162
0.0001204654122
0.000121787209
0.0001221752595
0.0001205502982
0.0001219569811
0.0001209383486
0.0001198227036
0.000122017614
0.0001203077667
0.0001220661203
0.0001236061955
0.0001225390568
0.0001209504752
0.0001205381716
0.0001236910815
0.0001006748391
0.00006428298267
0.00006781181647
0.00006549564033
0.00006850303133
0.0000688304489
0.00007111024531
0.00007301411784
0.00007052816963
0.00006993396737
0.00006982482818
0.00006816348719
0.00007114662504
0.00006972781557
0.00007067368855
0.00006972781557
0.00006910936016
0.00007227439666
0.00007239566243
0.00007073432143
0.00007177720702
0.00006718123448
0.00006662341196
0.00006988546107
0.00006729037367
0.00006811498088
0.00006941252458
0.00006794520881
0.00006952166377
0.00006938827143
0.00007014011918
0.00006977632188
0.00007171657414
0.00007043115702
0.00007208037144
0.00007097685296
0.00007282009261
0.00007124363765
0.00007209249801
0.00007040690386
0.00007375383901
0.00007175295387
0.00007189847279
0.00007439654757
0.00007252905477
0.00007387510478
0.00007171657414
0.00007363257324
0.00007400849712
0.00007238353585
0.00007198335882
0.00007171657414
0.00007118300477
0.00007209249801
0.00007296561153
0.0000717893336
0.00007326877594
0.00007530604082
0.00007357194036
0.00007406913
0.00007332940883
0.00007672485028
0.00007598512911
0.00007680973632
0.00007547581289
0.00007271095342
0.00007503925613
0.00007674910343
0.00007312325703
0.00007558495208
0.00007381447189
0.00007279583946
0.00007347492775
